1e-14 9.24316229614e-19 -4.67066718822e-22 9.23849162896e-19
2e-14 9.24316229614e-19 -4.67452022657e-22 9.23848777592e-19
3e-14 9.24316229614e-19 -4.6806496802e-22 9.23848164646e-19
4e-14 9.24316229614e-19 -4.68904330854e-22 9.23847325284e-19
5e-14 9.24316229614e-19 -4.69969298231e-22 9.23846260316e-19
6e-14 9.24316229614e-19 -4.712594681e-22 9.23844970146e-19
6.999999999999999e-14 9.24316229614e-19 -4.7277484927e-22 9.23843454765e-19
7.999999999999999e-14 9.24316229614e-19 -4.74515861723e-22 9.23841713753e-19
8.999999999999998e-14 9.24316229614e-19 -4.7648333733e-22 9.23839746277e-19
9.999999999999998e-14 9.24316229614e-19 -4.78678521062e-22 9.23837551093e-19
1.0999999999999997e-13 9.24316859852e-19 -4.81103072785e-22 9.2383575678e-19
1.1999999999999997e-13 9.24318719043e-19 -4.83759140154e-22 9.23834959903e-19
1.2999999999999998e-13 9.24321500351e-19 -4.86649304666e-22 9.23834851047e-19
1.3999999999999998e-13 9.24324926859e-19 -4.89776551048e-22 9.23835150308e-19
1.5e-13 9.24328748726e-19 -4.93144304196e-22 9.23835604422e-19
1.6e-13 9.24333157452e-19 -4.96756397381e-22 9.23836401055e-19
1.7e-13 9.24338172271e-19 -5.00617183238e-22 9.23837555088e-19
1.8000000000000002e-13 9.24343744033e-19 -5.04731409717e-22 9.23839012623e-19
1.9000000000000002e-13 9.24349887307e-19 -5.09104362023e-22 9.23840782945e-19
2.0000000000000003e-13 9.24356249333e-19 -5.13741744455e-22 9.23842507588e-19
2.1000000000000004e-13 9.24362838483e-19 -5.18649755845e-22 9.23844188727e-19
2.2000000000000005e-13 9.24369663508e-19 -5.23835104924e-22 9.23845828403e-19
2.3000000000000003e-13 9.24376733559e-19 -5.29305027576e-22 9.23847428532e-19
2.4000000000000004e-13 9.24384190853e-19 -5.35067306111e-22 9.23849123547e-19
2.5000000000000005e-13 9.24392046683e-19 -5.41130324827e-22 9.23850916358e-19
2.6000000000000005e-13 9.24400180141e-19 -5.47503028063e-22 9.23852677113e-19
2.7000000000000006e-13 9.24408602196e-19 -5.54194977962e-22 9.23854407218e-19
2.8000000000000007e-13 9.24417324363e-19 -5.61216383187e-22 9.23856107979e-19
2.900000000000001e-13 9.24426358736e-19 -5.68578130356e-22 9.23857780605e-19
3.000000000000001e-13 9.24435718033e-19 -5.76291818341e-22 9.23859426214e-19
3.100000000000001e-13 9.24445516906e-19 -5.8436979558e-22 9.2386114711e-19
3.200000000000001e-13 9.24455770056e-19 -5.92825233674e-22 9.23862944823e-19
3.300000000000001e-13 9.24466391639e-19 -6.01672106301e-22 9.23864719532e-19
3.400000000000001e-13 9.24477397268e-19 -6.10925268147e-22 9.23866472e-19
3.500000000000001e-13 9.24488803423e-19 -6.20600505732e-22 9.23868202917e-19
3.6000000000000013e-13 9.24500627501e-19 -6.30714591981e-22 9.23869912909e-19
3.7000000000000014e-13 9.24512887884e-19 -6.41285344685e-22 9.2387160254e-19
3.8000000000000015e-13 9.24525604004e-19 -6.52331688998e-22 9.23873272315e-19
3.9000000000000016e-13 9.24538796412e-19 -6.63873724104e-22 9.23874922688e-19
4.0000000000000016e-13 9.24552486853e-19 -6.75932794202e-22 9.23876554058e-19
4.1000000000000017e-13 9.24566698344e-19 -6.88531563947e-22 9.2387816678e-19
4.200000000000002e-13 9.24581455261e-19 -7.01694098488e-22 9.23879761162e-19
4.300000000000002e-13 9.2459678342e-19 -7.15445948244e-22 9.23881337472e-19
4.400000000000002e-13 9.24612710177e-19 -7.29814238569e-22 9.23882895938e-19
4.500000000000002e-13 9.24629264519e-19 -7.44827764448e-22 9.23884436755e-19
4.600000000000002e-13 9.2464647717e-19 -7.60517090379e-22 9.2388596008e-19
4.700000000000001e-13 9.24664380699e-19 -7.76914655613e-22 9.23887466043e-19
4.800000000000001e-13 9.24683009629e-19 -7.94054884895e-22 9.23888954744e-19
4.9e-13 9.2470240056e-19 -8.11974304924e-22 9.23890426255e-19
5e-13 9.24722592293e-19 -8.30711670271e-22 9.23891880623e-19
5.099999999999999e-13 9.24743625958e-19 -8.50308087406e-22 9.2389331787e-19
5.199999999999999e-13 9.24765545149e-19 -8.7080715415e-22 9.23894737995e-19
5.299999999999999e-13 9.24788396074e-19 -8.92255081786e-22 9.23896140992e-19
5.399999999999998e-13 9.24812227696e-19 -9.14700872018e-22 9.23897526824e-19
5.499999999999998e-13 9.24837091898e-19 -9.38196454264e-22 9.23898895444e-19
5.599999999999997e-13 9.24863053817e-19 -9.627968514e-22 9.23900256966e-19
5.699999999999997e-13 9.24890169813e-19 -9.88560382552e-22 9.2390160943e-19
5.799999999999996e-13 9.2491848947e-19 -1.01554879148e-21 9.23902940679e-19
5.899999999999996e-13 9.24948128247e-19 -1.04382742822e-21 9.23904300819e-19
5.999999999999996e-13 9.24979155261e-19 -1.07346548404e-21 9.23905689777e-19
6.099999999999995e-13 9.25011593444e-19 -1.10453617195e-21 9.23907057272e-19
6.199999999999995e-13 9.25045520097e-19 -1.13711692494e-21 9.23908403172e-19
6.299999999999994e-13 9.25081016976e-19 -1.17128965127e-21 9.23909727324e-19
6.399999999999994e-13 9.25118170521e-19 -1.20714094947e-21 9.23911029572e-19
6.499999999999994e-13 9.251570721e-19 -1.24476234881e-21 9.23912309751e-19
6.599999999999993e-13 9.25197818252e-19 -1.28425053074e-21 9.23913567721e-19
6.699999999999993e-13 9.25240510949e-19 -1.32570764214e-21 9.23914803307e-19
6.799999999999992e-13 9.25285270127e-19 -1.36924148886e-21 9.23916028638e-19
6.899999999999992e-13 9.25332211253e-19 -1.41496586956e-21 9.23917245384e-19
6.999999999999991e-13 9.25381443778e-19 -1.46300082106e-21 9.23918442957e-19
7.099999999999991e-13 9.25433094089e-19 -1.5134729108e-21 9.23919621178e-19
7.199999999999991e-13 9.25487295384e-19 -1.56651555762e-21 9.23920779826e-19
7.29999999999999e-13 9.25544187956e-19 -1.62226926774e-21 9.23921918688e-19
7.39999999999999e-13 9.25603919469e-19 -1.68088191555e-21 9.23923037554e-19
7.499999999999989e-13 9.25666645226e-19 -1.74250903864e-21 9.23924136188e-19
7.599999999999989e-13 9.25732528418e-19 -1.80731405888e-21 9.23925214359e-19
7.699999999999988e-13 9.25801740347e-19 -1.87546850084e-21 9.23926271847e-19
7.799999999999988e-13 9.25874460617e-19 -1.94715222213e-21 9.23927308395e-19
7.899999999999988e-13 9.25950877264e-19 -2.0225535205e-21 9.23928323743e-19
7.999999999999987e-13 9.2603118683e-19 -2.10186921006e-21 9.2392931762e-19
8.099999999999987e-13 9.26115594343e-19 -2.18530461848e-21 9.23930289725e-19
8.199999999999986e-13 9.26204313178e-19 -2.27307344146e-21 9.23931239736e-19
8.299999999999986e-13 9.2629756477e-19 -2.36539744002e-21 9.2393216733e-19
8.399999999999985e-13 9.26395578143e-19 -2.46250597512e-21 9.23933072168e-19
8.499999999999985e-13 9.26498589179e-19 -2.5646353228e-21 9.23933953856e-19
8.599999999999985e-13 9.26606839589e-19 -2.67202764087e-21 9.23934811948e-19
8.699999999999984e-13 9.26720575493e-19 -2.78492952403e-21 9.23935645969e-19
8.799999999999984e-13 9.26840045497e-19 -2.903590116e-21 9.23936455381e-19
8.899999999999983e-13 9.2696549816e-19 -3.02825859828e-21 9.23937239562e-19
8.999999999999983e-13 9.27097178678e-19 -3.15918086386e-21 9.23937997814e-19
9.099999999999983e-13 9.27235324598e-19 -3.29659526038e-21 9.23938729338e-19
9.199999999999983e-13 9.27380160312e-19 -3.44072711815e-21 9.23939433194e-19
9.299999999999983e-13 9.27531890035e-19 -3.59178174956e-21 9.23940108286e-19
9.399999999999982e-13 9.27690688881e-19 -3.74993558468e-21 9.23940753297e-19
9.499999999999982e-13 9.27856691586e-19 -3.91532490953e-21 9.23941366676e-19
9.599999999999981e-13 9.28029978287e-19 -4.08803171449e-21 9.23941946573e-19
9.69999999999998e-13 9.28210556668e-19 -4.26806590651e-21 9.23942490762e-19
9.79999999999998e-13 9.28398339589e-19 -4.45534301377e-21 9.23942996575e-19
9.89999999999998e-13 9.28593117153e-19 -4.6496563771e-21 9.23943460776e-19
9.99999999999998e-13 9.28794521937e-19 -4.85064248925e-21 9.23943879448e-19
1.009999999999998e-12 9.29001985867e-19 -5.05773801595e-21 9.23944247851e-19
1.0199999999999979e-12 9.29214686943e-19 -5.2701266754e-21 9.23944560268e-19
1.0299999999999978e-12 9.29431483789e-19 -5.48667401411e-21 9.23944809775e-19
1.0399999999999978e-12 9.29651099106e-19 -5.7058476463e-21 9.2394525146e-19
1.0499999999999977e-12 9.29871490039e-19 -5.92562077473e-21 9.23945869264e-19
1.0599999999999977e-12 9.30089738517e-19 -6.14335662637e-21 9.23946381891e-19
1.0699999999999977e-12 9.30302447744e-19 -6.35567209777e-21 9.23946775647e-19
1.0799999999999976e-12 9.30505315284e-19 -6.55828023206e-21 9.23947035051e-19
1.0899999999999976e-12 9.30692956929e-19 -6.7458137621e-21 9.23947143167e-19
1.0999999999999975e-12 9.30858718854e-19 -6.91163643937e-21 9.23947082414e-19
1.1099999999999975e-12 9.30994492701e-19 -7.04765647542e-21 9.23946836226e-19
1.1199999999999974e-12 9.31090560473e-19 -7.14416854256e-21 9.2394639193e-19
1.1299999999999974e-12 9.31135514251e-19 -7.189768864e-21 9.23945745387e-19
1.1399999999999974e-12 9.31116321269e-19 -7.17141331929e-21 9.23944907949e-19
1.1499999999999973e-12 9.3101863712e-19 -7.07472106146e-21 9.23943916058e-19
1.1599999999999973e-12 9.30827504284e-19 -6.88466140087e-21 9.23942842883e-19
1.1699999999999972e-12 9.30528596325e-19 -6.5867866375e-21 9.23941809687e-19
1.1799999999999972e-12 9.30110152915e-19 -6.16916136371e-21 9.23940991552e-19
1.1899999999999972e-12 9.29565654554e-19 -5.62504617974e-21 9.23940608374e-19
1.1999999999999971e-12 9.28897062659e-19 -4.95617189839e-21 9.2394089076e-19
1.209999999999997e-12 9.2811809316e-19 -4.17607669883e-21 9.23942016461e-19
1.219999999999997e-12 9.27256604811e-19 -3.31257226093e-21 9.2394403255e-19
1.229999999999997e-12 9.263550392e-19 -2.40823316689e-21 9.23946806033e-19
1.239999999999997e-12 9.2546828838e-19 -1.51823370814e-21 9.23950054672e-19
1.2499999999999969e-12 9.24659425772e-19 -7.05964754564e-22 9.23953461018e-19
1.2599999999999969e-12 9.23994712639e-19 -3.79415454585e-23 9.23956771093e-19
1.2699999999999968e-12 9.23538958484e-19 4.20773488363e-22 9.23959731972e-19
1.2799999999999968e-12 9.23350320547e-19 6.11545576278e-22 9.23961866124e-19
1.2899999999999967e-12 9.23471951564e-19 4.90399503964e-22 9.23962351068e-19
1.2999999999999967e-12 9.23919679361e-19 4.06432040625e-23 9.23960322565e-19
1.3099999999999966e-12 9.24670235881e-19 -7.14721024908e-22 9.23955514856e-19
1.3199999999999966e-12 9.25658337392e-19 -1.70966246786e-21 9.23948674924e-19
1.3299999999999966e-12 9.26787710654e-19 -2.84641113491e-21 9.23941299519e-19
1.3399999999999965e-12 9.2795255063e-19 -4.01765757588e-21 9.23934893054e-19
1.3499999999999965e-12 9.29059646411e-19 -5.12930239504e-21 9.23930344016e-19
1.3599999999999964e-12 9.30042543522e-19 -6.1147657717e-21 9.2392777775e-19
1.3699999999999964e-12 9.30865117582e-19 -6.93832732272e-21 9.23926790259e-19
1.3799999999999963e-12 9.31517227072e-19 -7.59044665992e-21 9.23926780412e-19
1.3899999999999963e-12 9.32006890729e-19 -8.0797019853e-21 9.23927188744e-19
1.3999999999999963e-12 9.323524829e-19 -8.42488118326e-21 9.23927601717e-19
1.4099999999999962e-12 9.32576848923e-19 -8.64891034094e-21 9.23927938582e-19
1.4199999999999962e-12 9.32703594003e-19 -8.77492139214e-21 9.23928672611e-19
1.4299999999999961e-12 9.32753706982e-19 -8.8240847573e-21 9.23929622225e-19
1.439999999999996e-12 9.3274489086e-19 -8.81466500591e-21 9.23930225854e-19
1.449999999999996e-12 9.32692321858e-19 -8.7618131157e-21 9.23930508742e-19
1.459999999999996e-12 9.32608256362e-19 -8.67775133681e-21 9.23930505025e-19
1.469999999999996e-12 9.32502381219e-19 -8.57213162224e-21 9.23930249596e-19
1.479999999999996e-12 9.323822159e-19 -8.4524417892e-21 9.23929774111e-19
1.4899999999999959e-12 9.32253499755e-19 -8.32439430143e-21 9.23929105454e-19
1.4999999999999958e-12 9.32120534429e-19 -8.192268949e-21 9.2392826548e-19
1.5099999999999958e-12 9.31986472043e-19 -8.05920067032e-21 9.23927271373e-19
1.5199999999999957e-12 9.31853550118e-19 -7.92741386047e-21 9.23926136258e-19
1.5299999999999957e-12 9.31723278919e-19 -7.79840905768e-21 9.23924869861e-19
1.5399999999999957e-12 9.31596588402e-19 -7.67310927968e-21 9.23923479122e-19
1.5499999999999956e-12 9.31473942025e-19 -7.55197329034e-21 9.23921968734e-19
1.5599999999999956e-12 9.3135542401e-19 -7.4350824114e-21 9.23920341598e-19
1.5699999999999955e-12 9.31240805887e-19 -7.32220666935e-21 9.23918599217e-19
1.5799999999999955e-12 9.31129597379e-19 -7.21285534327e-21 9.23916742036e-19
1.5899999999999954e-12 9.31021086137e-19 -7.10631638894e-21 9.23914769748e-19
1.5999999999999954e-12 9.30914370467e-19 -7.00168888068e-21 9.23912681586e-19
1.6099999999999954e-12 9.30808645374e-19 -6.89791245635e-21 9.23910732918e-19
1.6199999999999953e-12 9.3070272479e-19 -6.79379783507e-21 9.23908926955e-19
1.6299999999999953e-12 9.3059507325e-19 -6.68806249478e-21 9.23907010755e-19
1.6399999999999952e-12 9.304843602e-19 -6.57937613565e-21 9.23904984064e-19
1.6499999999999952e-12 9.30369267884e-19 -6.46642028465e-21 9.239028476e-19
1.6599999999999951e-12 9.30248569521e-19 -6.34796624824e-21 9.23900603272e-19
1.6699999999999951e-12 9.30121228819e-19 -6.22297456734e-21 9.23898254252e-19
1.679999999999995e-12 9.29986521736e-19 -6.09071692443e-21 9.23895804812e-19
1.689999999999995e-12 9.29844177658e-19 -5.95091790311e-21 9.23893259755e-19
1.699999999999995e-12 9.29694531718e-19 -5.80390837198e-21 9.23890623346e-19
1.709999999999995e-12 9.29538672837e-19 -5.65077517085e-21 9.23887897666e-19
1.7199999999999949e-12 9.29378564067e-19 -5.49348361579e-21 9.23885080452e-19
1.7299999999999948e-12 9.29217498467e-19 -5.33494213626e-21 9.23882556331e-19
1.7399999999999948e-12 9.29059304212e-19 -5.17897474943e-21 9.23880329462e-19
1.7499999999999948e-12 9.28908171851e-19 -5.03017048876e-21 9.23878001362e-19
1.7599999999999947e-12 9.28769585728e-19 -4.89359296434e-21 9.23875992763e-19
1.7699999999999947e-12 9.28648649435e-19 -4.77435798333e-21 9.23874291451e-19
1.7799999999999946e-12 9.2854954628e-19 -4.67711725485e-21 9.23872429025e-19
1.7899999999999946e-12 9.28475891676e-19 -4.60552215562e-21 9.23870369521e-19
1.7999999999999946e-12 9.28429845247e-19 -4.56175742025e-21 9.23868087827e-19
1.8099999999999945e-12 9.28411809456e-19 -4.54623529719e-21 9.23865574159e-19
1.8199999999999947e-12 9.28420348976e-19 -4.55751368967e-21 9.23862835286e-19
1.829999999999995e-12 9.28452666472e-19 -4.59245577185e-21 9.238602107e-19
1.839999999999995e-12 9.28504341771e-19 -4.64659757799e-21 9.23857744193e-19
1.849999999999995e-12 9.28570142214e-19 -4.71464682762e-21 9.23855495386e-19
1.8599999999999953e-12 9.28644875247e-19 -4.79102212389e-21 9.23853853123e-19
1.8699999999999955e-12 9.28722884087e-19 -4.87034492859e-21 9.23852539159e-19
1.8799999999999956e-12 9.2879906078e-19 -4.94782163793e-21 9.23851239142e-19
1.8899999999999958e-12 9.2886957744e-19 -5.01948814525e-21 9.23850089295e-19
1.899999999999996e-12 9.28931403911e-19 -5.08231818473e-21 9.23849085726e-19
1.909999999999996e-12 9.28982306487e-19 -5.13421845721e-21 9.2384808803e-19
1.9199999999999963e-12 9.29021028238e-19 -5.17394331712e-21 9.2384708492e-19
1.9299999999999964e-12 9.29047026941e-19 -5.20096298801e-21 9.23846063953e-19
1.9399999999999966e-12 9.29060326841e-19 -5.21531388961e-21 9.23845012951e-19
1.9499999999999967e-12 9.29061372858e-19 -5.217451967e-21 9.23843920891e-19
1.959999999999997e-12 9.29050900299e-19 -5.20812203041e-21 9.23842778269e-19
1.969999999999997e-12 9.29029826547e-19 -5.18824936436e-21 9.23841577183e-19
1.9799999999999972e-12 9.28999166388e-19 -5.15885519405e-21 9.23840311193e-19
1.9899999999999974e-12 9.28959969582e-19 -5.12099448213e-21 9.238389751e-19
1.9999999999999975e-12 9.28913277654e-19 -5.07571299735e-21 9.23837564657e-19
2.0099999999999977e-12 9.28860096251e-19 -5.02401994799e-21 9.23836076303e-19
2.019999999999998e-12 9.28801379457e-19 -4.96687253177e-21 9.23834506925e-19
2.029999999999998e-12 9.28738339556e-19 -4.9051691614e-21 9.23833170394e-19
2.039999999999998e-12 9.28671826972e-19 -4.83974871628e-21 9.23832078255e-19
2.0499999999999983e-12 9.28602319538e-19 -4.77139350601e-21 9.23830926032e-19
2.0599999999999985e-12 9.28530546851e-19 -4.70083456956e-21 9.23829712281e-19
2.0699999999999987e-12 9.28457193406e-19 -4.62875795482e-21 9.23828435451e-19
2.079999999999999e-12 9.28382905026e-19 -4.55581115798e-21 9.23827093868e-19
2.089999999999999e-12 9.2830829495e-19 -4.48260925995e-21 9.2382568569e-19
2.099999999999999e-12 9.28233949237e-19 -4.40974034582e-21 9.23824208892e-19
2.1099999999999993e-12 9.2816043135e-19 -4.33777006981e-21 9.2382266128e-19
2.1199999999999994e-12 9.28088285836e-19 -4.26724535261e-21 9.23821040483e-19
2.1299999999999996e-12 9.28018041181e-19 -4.19869723434e-21 9.23819343946e-19
2.1399999999999998e-12 9.2795021192e-19 -4.13264294958e-21 9.2381756897e-19
2.15e-12 9.27885300152e-19 -4.06958746275e-21 9.2381571269e-19
2.16e-12 9.27823796606e-19 -4.01002450454e-21 9.23813772102e-19
2.1700000000000002e-12 9.27766181396e-19 -3.95443733762e-21 9.23811744059e-19
2.1800000000000004e-12 9.27712924608e-19 -3.90329932712e-21 9.23809625281e-19
2.1900000000000006e-12 9.27664816087e-19 -3.85707443718e-21 9.23807741649e-19
2.2000000000000007e-12 9.27622323017e-19 -3.81621754829e-21 9.23806105469e-19
2.210000000000001e-12 9.27585575606e-19 -3.78117513276e-21 9.23804400473e-19
2.220000000000001e-12 9.27555010024e-19 -3.75238548933e-21 9.23802624535e-19
2.230000000000001e-12 9.27531054324e-19 -3.73027888948e-21 9.23800775434e-19
2.2400000000000014e-12 9.2751412817e-19 -3.71527733392e-21 9.23798850836e-19
2.2500000000000015e-12 9.27504641936e-19 -3.7077936772e-21 9.23796848259e-19
2.2600000000000017e-12 9.2750299482e-19 -3.70822975974e-21 9.2379476506e-19
2.270000000000002e-12 9.27509571537e-19 -3.71697317772e-21 9.23792598359e-19
2.280000000000002e-12 9.27525024991e-19 -3.73439206898e-21 9.23790632922e-19
2.290000000000002e-12 9.27549704073e-19 -3.76082728742e-21 9.23788876786e-19
2.3000000000000023e-12 9.27583631109e-19 -3.79658097033e-21 9.23787050138e-19
2.3100000000000025e-12 9.2762705009e-19 -3.84190060489e-21 9.23785149485e-19
2.3200000000000026e-12 9.27680127715e-19 -3.89695702504e-21 9.2378317069e-19
2.3300000000000028e-12 9.27742923516e-19 -3.96181470605e-21 9.2378110881e-19
2.340000000000003e-12 9.27815350065e-19 -4.036392215e-21 9.2377895785e-19
2.350000000000003e-12 9.2789712062e-19 -4.12041008545e-21 9.23776710534e-19
2.3600000000000033e-12 9.27987681015e-19 -4.21332300411e-21 9.23774358011e-19
2.3700000000000034e-12 9.28086122126e-19 -4.31423258382e-21 9.23771889542e-19
2.3800000000000036e-12 9.28191148012e-19 -4.42177669339e-21 9.23769371319e-19
2.3900000000000038e-12 9.28301083066e-19 -4.53399113889e-21 9.23767091927e-19
2.400000000000004e-12 9.28413083564e-19 -4.64814233657e-21 9.23764941227e-19
2.410000000000004e-12 9.285231075e-19 -4.76052506464e-21 9.23762582435e-19
2.4200000000000042e-12 9.28626782371e-19 -4.86623878104e-21 9.2376054359e-19
2.4300000000000044e-12 9.28717742042e-19 -4.9589536417e-21 9.23758788401e-19
2.4400000000000045e-12 9.28787801158e-19 -5.03070795471e-21 9.23757093203e-19
2.4500000000000047e-12 9.2882748457e-19 -5.07179796457e-21 9.23755686606e-19
2.460000000000005e-12 9.28825513481e-19 -5.07088119676e-21 9.23754632284e-19
2.470000000000005e-12 9.28769270381e-19 -5.01547134475e-21 9.23753799036e-19
2.480000000000005e-12 9.28646290783e-19 -4.89306502457e-21 9.23753225758e-19
2.4900000000000053e-12 9.2844660627e-19 -4.69318367065e-21 9.237534226e-19
2.5000000000000055e-12 9.28165193286e-19 -4.41052966386e-21 9.23754663622e-19
2.5100000000000057e-12 9.27806142643e-19 -4.04915969232e-21 9.2375698295e-19
2.520000000000006e-12 9.2738731594e-19 -3.62693715674e-21 9.23760378783e-19
2.530000000000006e-12 9.26943417476e-19 -3.17858332106e-21 9.23764834155e-19
2.540000000000006e-12 9.26524714397e-19 -2.75482343387e-21 9.23769890963e-19
2.5500000000000063e-12 9.26189958632e-19 -2.41533292741e-21 9.23774625705e-19
2.5600000000000065e-12 9.25993258259e-19 -2.21535225236e-21 9.23777906006e-19
2.5700000000000066e-12 9.25968553957e-19 -2.1896687278e-21 9.2377888523e-19
2.5800000000000068e-12 9.26118226953e-19 -2.34077457919e-21 9.23777452374e-19
2.590000000000007e-12 9.26411596067e-19 -2.63728674334e-21 9.23774309324e-19
2.600000000000007e-12 9.26794282669e-19 -3.0236680747e-21 9.23770614594e-19
2.6100000000000073e-12 9.27203910572e-19 -3.43644844521e-21 9.23767462127e-19
2.6200000000000074e-12 9.27585348015e-19 -3.81982329851e-21 9.23765524716e-19
2.6300000000000076e-12 9.27900584017e-19 -4.13559827483e-21 9.23764985742e-19
2.6400000000000077e-12 9.28131995446e-19 -4.36632752912e-21 9.23765667917e-19
2.650000000000008e-12 9.28280479626e-19 -4.513271018e-21 9.23767208608e-19
2.660000000000008e-12 9.2836132334e-19 -4.59156351453e-21 9.23769759825e-19
2.6700000000000082e-12 9.28397356952e-19 -4.62446789003e-21 9.23772889062e-19
2.6800000000000084e-12 9.28413487093e-19 -4.6378294699e-21 9.23775657623e-19
2.6900000000000085e-12 9.28433121589e-19 -4.65530053819e-21 9.23777821051e-19
2.7000000000000087e-12 9.28474042807e-19 -4.69479761461e-21 9.23779245192e-19
2.710000000000009e-12 9.28546863654e-19 -4.76651594049e-21 9.23780347713e-19
2.720000000000009e-12 9.28653893952e-19 -4.87264426639e-21 9.23781249686e-19
2.730000000000009e-12 9.2879031027e-19 -5.00859671925e-21 9.23781713551e-19
2.7400000000000093e-12 9.28947178573e-19 -5.16524951852e-21 9.23781929055e-19
2.7500000000000095e-12 9.291135632e-19 -5.3315005935e-21 9.23782062607e-19
2.7600000000000096e-12 9.29278762492e-19 -5.49653238446e-21 9.23782230107e-19
2.77000000000001e-12 9.29433883986e-19 -5.65139377062e-21 9.23782490216e-19
2.78000000000001e-12 9.29572651175e-19 -5.78979804606e-21 9.23782853129e-19
2.79000000000001e-12 9.29691546415e-19 -5.90824979167e-21 9.23783296624e-19
2.8000000000000103e-12 9.29789500342e-19 -6.00571801614e-21 9.23783782326e-19
2.8100000000000104e-12 9.29867348169e-19 -6.08307994034e-21 9.23784268229e-19
2.8200000000000106e-12 9.29927398522e-19 -6.1425103499e-21 9.23784888172e-19
2.8300000000000108e-12 9.29972539457e-19 -6.18692528184e-21 9.23785614176e-19
2.840000000000011e-12 9.30005783528e-19 -6.21952955218e-21 9.23786253976e-19
2.850000000000011e-12 9.30030273307e-19 -6.24348202084e-21 9.23786791287e-19
2.8600000000000112e-12 9.30048877114e-19 -6.2616616226e-21 9.23787215492e-19
2.8700000000000114e-12 9.30064033208e-19 -6.27651332728e-21 9.23787519881e-19
2.8800000000000116e-12 9.300778639e-19 -6.28994992901e-21 9.23787913971e-19
2.8900000000000117e-12 9.30091676805e-19 -6.30328828163e-21 9.23788388523e-19
2.900000000000012e-12 9.30105923998e-19 -6.31720314557e-21 9.23788720853e-19
2.910000000000012e-12 9.30120594348e-19 -6.33168628253e-21 9.23788908065e-19
2.920000000000012e-12 9.30134950255e-19 -6.34600343654e-21 9.23788946818e-19
2.9300000000000124e-12 9.30147480184e-19 -6.35864668392e-21 9.237888335e-19
2.9400000000000125e-12 9.30155849756e-19 -6.36728481203e-21 9.23788564944e-19
2.9500000000000127e-12 9.30157103569e-19 -6.36872120234e-21 9.23788382366e-19
2.960000000000013e-12 9.30147170556e-19 -6.35887744871e-21 9.23788293107e-19
2.970000000000013e-12 9.30120901088e-19 -6.33283207615e-21 9.23788069012e-19
2.980000000000013e-12 9.30072689613e-19 -6.28495848701e-21 9.23787731126e-19
2.9900000000000133e-12 9.29996538535e-19 -6.20922128501e-21 9.2378731725e-19
3.0000000000000135e-12 9.29886589652e-19 -6.09970242081e-21 9.23786887231e-19
3.0100000000000136e-12 9.29737954112e-19 -5.95142790288e-21 9.23786526209e-19
3.0200000000000138e-12 9.29547878301e-19 -5.76153600289e-21 9.23786342298e-19
3.030000000000014e-12 9.29317201977e-19 -5.53074840381e-21 9.23786453573e-19
3.040000000000014e-12 9.29051918061e-19 -5.26495813299e-21 9.23786959928e-19
3.0500000000000143e-12 9.28764439983e-19 -4.976540564e-21 9.23787899419e-19
3.0600000000000144e-12 9.28473985802e-19 -4.68478716698e-21 9.23789198635e-19
3.0700000000000146e-12 9.28205432606e-19 -4.41479272371e-21 9.23790639882e-19
3.0800000000000147e-12 9.27986247077e-19 -4.19437162268e-21 9.23791875454e-19
3.090000000000015e-12 9.27841735837e-19 -4.04922811852e-21 9.23792507719e-19
3.100000000000015e-12 9.27789709226e-19 -3.99749070035e-21 9.23792218526e-19
3.1100000000000152e-12 9.27836258866e-19 -4.04536771752e-21 9.23790891148e-19
3.1200000000000154e-12 9.27974222577e-19 -4.1855644685e-21 9.23788658109e-19
3.1300000000000155e-12 9.28184948769e-19 -4.39910227685e-21 9.23785846492e-19
3.1400000000000157e-12 9.28442832183e-19 -4.65980666494e-21 9.23783025518e-19
3.150000000000016e-12 9.28720712719e-19 -4.93979363101e-21 9.23780919088e-19
3.160000000000016e-12 9.28993762226e-19 -5.21418036554e-21 9.23779581861e-19
3.170000000000016e-12 9.29242758678e-19 -5.46404640184e-21 9.23778712276e-19
3.1800000000000163e-12 9.29455685625e-19 -5.67742184794e-21 9.23778263777e-19
3.1900000000000165e-12 9.29626904964e-19 -5.84877305883e-21 9.23778131905e-19
3.2000000000000167e-12 9.29755856114e-19 -5.97765906256e-21 9.23778197051e-19
3.210000000000017e-12 9.29845498768e-19 -6.06714734151e-21 9.23778351427e-19
3.220000000000017e-12 9.29900878339e-19 -6.12236723667e-21 9.23778511103e-19
3.230000000000017e-12 9.29928145874e-19 -6.14937458215e-21 9.23778771292e-19
3.2400000000000173e-12 9.29933457078e-19 -6.15435877024e-21 9.23779098308e-19
3.2500000000000175e-12 9.29922469634e-19 -6.14314791924e-21 9.23779321714e-19
3.2600000000000176e-12 9.299003746e-19 -6.12094103874e-21 9.23779433562e-19
3.2700000000000178e-12 9.29871629457e-19 -6.09219639466e-21 9.23779433062e-19
3.280000000000018e-12 9.29839941239e-19 -6.06061779787e-21 9.23779323442e-19
3.290000000000018e-12 9.29808305599e-19 -6.02919585574e-21 9.23779109743e-19
3.3000000000000183e-12 9.29779072032e-19 -6.00027465317e-21 9.23778797379e-19
3.3100000000000184e-12 9.29754016029e-19 -5.97562475128e-21 9.23778391278e-19
3.3200000000000186e-12 9.29734406264e-19 -5.95651090896e-21 9.23777895355e-19
3.3300000000000187e-12 9.29721059792e-19 -5.94374760572e-21 9.23777312186e-19
3.340000000000019e-12 9.29714381164e-19 -5.93773834969e-21 9.23776642814e-19
3.350000000000019e-12 9.29714382931e-19 -5.93849632306e-21 9.23775886608e-19
3.3600000000000192e-12 9.29720932941e-19 -5.94564461674e-21 9.23775288325e-19
3.3700000000000194e-12 9.2973322955e-19 -5.9583945e-21 9.2377483505e-19
3.3800000000000195e-12 9.29749959144e-19 -5.97550025205e-21 9.23774458892e-19
3.3900000000000197e-12 9.29769335814e-19 -5.99518897313e-21 9.2377414684e-19
3.40000000000002e-12 9.29788754456e-19 -6.01506460364e-21 9.23773689853e-19
3.41000000000002e-12 9.29805452691e-19 -6.03198728689e-21 9.23773465404e-19
3.42000000000002e-12 9.29815371926e-19 -6.04193250039e-21 9.23773439426e-19
3.4300000000000203e-12 9.29813031912e-19 -6.03984166367e-21 9.23773190248e-19
3.4400000000000205e-12 9.29792560896e-19 -6.01948755659e-21 9.2377307334e-19
3.4500000000000206e-12 9.2974648239e-19 -5.97339618356e-21 9.23773086207e-19
3.460000000000021e-12 9.2966578145e-19 -5.89290101374e-21 9.23772880436e-19
3.470000000000021e-12 9.29540933436e-19 -5.7684323823e-21 9.23772501054e-19
3.480000000000021e-12 9.29362232912e-19 -5.59019920363e-21 9.23772033708e-19
3.4900000000000213e-12 9.29121063855e-19 -5.34944617717e-21 9.23771617678e-19
3.5000000000000214e-12 9.28811905067e-19 -5.04045430904e-21 9.23771450758e-19
3.5100000000000216e-12 9.28435099249e-19 -4.66332648476e-21 9.23771772764e-19
3.5200000000000218e-12 9.28000099835e-19 -4.22728841658e-21 9.23772811419e-19
3.530000000000022e-12 9.27528386735e-19 -3.75370515184e-21 9.23774681584e-19
3.540000000000022e-12 9.27054639761e-19 -3.27738335526e-21 9.23777256406e-19
3.5500000000000222e-12 9.26624467872e-19 -2.84439361309e-21 9.23780074258e-19
3.5600000000000224e-12 9.26287927602e-19 -2.5052177212e-21 9.23782709881e-19
3.5700000000000226e-12 9.26088207344e-19 -2.30388414753e-21 9.23784323197e-19
3.5800000000000227e-12 9.26050338187e-19 -2.26631943108e-21 9.23784018756e-19
3.590000000000023e-12 9.2617469377e-19 -2.39268525413e-21 9.23782008516e-19
3.600000000000023e-12 9.26436152458e-19 -2.65732086144e-21 9.23778831596e-19
3.610000000000023e-12 9.26791408696e-19 -3.01631839835e-21 9.23775090298e-19
3.6200000000000233e-12 9.27191141824e-19 -3.41914733614e-21 9.23771994488e-19
3.6300000000000235e-12 9.27589584857e-19 -3.81955347064e-21 9.23770031386e-19
3.640000000000023e-12 9.27951372244e-19 -4.18247252224e-21 9.23768899722e-19
3.6500000000000234e-12 9.28254747394e-19 -4.48626288896e-21 9.23768484505e-19
3.6600000000000236e-12 9.28489992443e-19 -4.7214360594e-21 9.23768556384e-19
3.670000000000024e-12 9.28656894412e-19 -4.88765038861e-21 9.23769244024e-19
3.680000000000024e-12 9.28760732781e-19 -4.99040580955e-21 9.23770326971e-19
3.690000000000024e-12 9.28809521074e-19 -5.03824770155e-21 9.23771273372e-19
3.700000000000024e-12 9.28812752719e-19 -5.04075558163e-21 9.23771997137e-19
3.710000000000024e-12 9.28779730748e-19 -5.00727781589e-21 9.23772452932e-19
3.7200000000000245e-12 9.28719410884e-19 -4.94624555414e-21 9.2377316533e-19
3.730000000000025e-12 9.28639050535e-19 -4.86488126442e-21 9.23774169271e-19
3.740000000000025e-12 9.2854411763e-19 -4.76915003389e-21 9.23774967596e-19
3.750000000000025e-12 9.28439416892e-19 -4.66384228066e-21 9.23775574611e-19
3.760000000000025e-12 9.28328993187e-19 -4.55271737023e-21 9.23776275816e-19
3.770000000000025e-12 9.28215755842e-19 -4.43866530107e-21 9.23777090541e-19
3.7800000000000255e-12 9.28101838531e-19 -4.32386330541e-21 9.23777975225e-19
3.790000000000026e-12 9.27989164807e-19 -4.20991621385e-21 9.23779248593e-19
3.800000000000026e-12 9.27878669211e-19 -4.09797676728e-21 9.23780692443e-19
3.810000000000026e-12 9.27770834148e-19 -3.98884565703e-21 9.23781988491e-19
3.820000000000026e-12 9.27666196126e-19 -3.88305294718e-21 9.23783143178e-19
3.830000000000026e-12 9.27565085066e-19 -3.78092342529e-21 9.23784161641e-19
3.8400000000000265e-12 9.27467676375e-19 -3.68262848671e-21 9.23785047888e-19
3.850000000000027e-12 9.27374031875e-19 -3.58822689074e-21 9.23785804984e-19
3.860000000000027e-12 9.27284131724e-19 -3.49769653677e-21 9.23786435187e-19
3.870000000000027e-12 9.27197899084e-19 -3.41095899986e-21 9.23786940084e-19
3.880000000000027e-12 9.27115219015e-19 -3.32789834042e-21 9.23787320674e-19
3.890000000000027e-12 9.27035952777e-19 -3.24837532071e-21 9.23787577456e-19
3.9000000000000274e-12 9.26960280859e-19 -3.1722380178e-21 9.23788042841e-19
3.9100000000000276e-12 9.26888483317e-19 -3.09932957856e-21 9.23789153738e-19
3.920000000000028e-12 9.26820027836e-19 -3.02949380778e-21 9.23790534028e-19
3.930000000000028e-12 9.26754284119e-19 -2.96257897644e-21 9.23791705143e-19
3.940000000000028e-12 9.26691432331e-19 -2.89844024771e-21 9.23792992083e-19
3.950000000000028e-12 9.26631731561e-19 -2.83694113438e-21 9.23794790427e-19
3.960000000000028e-12 9.26574766462e-19 -2.77795402047e-21 9.23796812441e-19
3.9700000000000285e-12 9.26520060126e-19 -2.721360343e-21 9.23798699783e-19
3.980000000000029e-12 9.26467742008e-19 -2.667050153e-21 9.23800691855e-19
3.990000000000029e-12 9.26417708697e-19 -2.61492139829e-21 9.23802787299e-19
4.000000000000029e-12 9.26369628021e-19 -2.5648790984e-21 9.23804748923e-19
4.010000000000029e-12 9.26323413791e-19 -2.51683432318e-21 9.23806579468e-19
4.020000000000029e-12 9.26278984499e-19 -2.47070316035e-21 9.23808281339e-19
4.0300000000000295e-12 9.26236577621e-19 -2.42640569661e-21 9.23810171924e-19
4.04000000000003e-12 9.26196104665e-19 -2.3838650136e-21 9.23812239652e-19
4.05000000000003e-12 9.26157164246e-19 -2.34300633899e-21 9.23814157907e-19
4.06000000000003e-12 9.2611968523e-19 -2.30375623839e-21 9.23815928992e-19
4.07000000000003e-12 9.26083596825e-19 -2.26604198848e-21 9.23817554836e-19
4.08000000000003e-12 9.26048828064e-19 -2.22979106217e-21 9.23819037001e-19
4.0900000000000304e-12 9.26015307448e-19 -2.19493077455e-21 9.23820376673e-19
4.1000000000000306e-12 9.25982962735e-19 -2.16138807081e-21 9.23821574664e-19
4.110000000000031e-12 9.25951720875e-19 -2.12908948268e-21 9.23822631392e-19
4.120000000000031e-12 9.25921508087e-19 -2.09796120187e-21 9.23823546885e-19
4.130000000000031e-12 9.25892250069e-19 -2.0679293349e-21 9.23824320734e-19
4.140000000000031e-12 9.25863872322e-19 -2.0389202132e-21 9.23824952109e-19
4.150000000000031e-12 9.25836300581e-19 -2.01086088238e-21 9.23825439699e-19
4.1600000000000315e-12 9.25809461319e-19 -1.98367962767e-21 9.23825781692e-19
4.170000000000032e-12 9.25783282325e-19 -1.95730657717e-21 9.23825975747e-19
4.180000000000032e-12 9.25757910678e-19 -1.93167435189e-21 9.23826236326e-19
4.190000000000032e-12 9.25733277705e-19 -1.90671871644e-21 9.23826558988e-19
4.200000000000032e-12 9.25709100144e-19 -1.88237927771e-21 9.23826720866e-19
4.210000000000032e-12 9.25685883998e-19 -1.85860013738e-21 9.23827283861e-19
4.2200000000000325e-12 9.25663617426e-19 -1.83533053603e-21 9.2382828689e-19
4.230000000000033e-12 9.25641729882e-19 -1.81252531231e-21 9.2382920457e-19
4.240000000000033e-12 9.25620373668e-19 -1.79014543407e-21 9.23830228234e-19
4.250000000000033e-12 9.25599516483e-19 -1.76815843745e-21 9.23831358046e-19
4.260000000000033e-12 9.25578941497e-19 -1.74653866908e-21 9.23832402828e-19
4.270000000000033e-12 9.25558629487e-19 -1.72526754239e-21 9.23833361945e-19
4.2800000000000335e-12 9.25538568262e-19 -1.70433366844e-21 9.23834234594e-19
4.290000000000034e-12 9.25518752695e-19 -1.68373290285e-21 9.23835019793e-19
4.300000000000034e-12 9.25499184684e-19 -1.66346830361e-21 9.2383571638e-19
4.310000000000034e-12 9.2547987303e-19 -1.6435500323e-21 9.23836322998e-19
4.320000000000034e-12 9.25460833269e-19 -1.62399518744e-21 9.23836838082e-19
4.330000000000034e-12 9.25442087443e-19 -1.60482759291e-21 9.2383725985e-19
4.3400000000000344e-12 9.25423663843e-19 -1.58607754735e-21 9.23837586295e-19
4.3500000000000346e-12 9.25405596738e-19 -1.56778155699e-21 9.23837815181e-19
4.360000000000035e-12 9.25387926098e-19 -1.54998209339e-21 9.23837944005e-19
4.370000000000035e-12 9.25370697325e-19 -1.53272731501e-21 9.2383797001e-19
4.380000000000035e-12 9.25353961015e-19 -1.51607087465e-21 9.2383789014e-19
4.390000000000035e-12 9.25337772757e-19 -1.50007172877e-21 9.23837701029e-19
4.400000000000035e-12 9.25322781096e-19 -1.48479400142e-21 9.23837987095e-19
4.4100000000000355e-12 9.25309029133e-19 -1.47030686499e-21 9.23838722268e-19
4.420000000000036e-12 9.25295977385e-19 -1.4566846756e-21 9.23839292709e-19
4.430000000000036e-12 9.25283702078e-19 -1.44400700803e-21 9.2383969507e-19
4.440000000000036e-12 9.25272284368e-19 -1.43235881568e-21 9.23839925552e-19
4.450000000000036e-12 9.25262665143e-19 -1.42183070263e-21 9.2384083444e-19
4.460000000000036e-12 9.25254941973e-19 -1.41251946486e-21 9.23842422508e-19
4.4700000000000365e-12 9.25248367247e-19 -1.4045282827e-21 9.23843838964e-19
4.480000000000037e-12 9.25243052386e-19 -1.39796738531e-21 9.23845085001e-19
4.490000000000037e-12 9.25239115965e-19 -1.39295466326e-21 9.23846161302e-19
4.500000000000037e-12 9.25236684415e-19 -1.38961643114e-21 9.23847067984e-19
4.510000000000037e-12 9.25236152177e-19 -1.38808816367e-21 9.23848064014e-19
4.520000000000037e-12 9.25237655201e-19 -1.38851525996e-21 9.23849139941e-19
4.5300000000000374e-12 9.25241080524e-19 -1.39105398965e-21 9.23850026534e-19
4.540000000000038e-12 9.25246594257e-19 -1.39587219419e-21 9.23850722063e-19
4.550000000000038e-12 9.25254374114e-19 -1.40315000499e-21 9.23851224109e-19
4.560000000000038e-12 9.25264609916e-19 -1.41308036131e-21 9.23851529555e-19
4.570000000000038e-12 9.25277503844e-19 -1.42586934558e-21 9.23851634499e-19
4.580000000000038e-12 9.25293573273e-19 -1.44173612647e-21 9.23851837146e-19
4.590000000000038e-12 9.25313555782e-19 -1.46091236681e-21 9.23852643416e-19
4.6000000000000386e-12 9.25337413753e-19 -1.48364109217e-21 9.23853772661e-19
4.610000000000039e-12 9.25364913513e-19 -1.51017459265e-21 9.2385473892e-19
4.620000000000039e-12 9.25396313481e-19 -1.54077111922e-21 9.23855542362e-19
4.630000000000039e-12 9.25431872777e-19 -1.57569017626e-21 9.23856182601e-19
4.640000000000039e-12 9.25471844547e-19 -1.61518587962e-21 9.23856658667e-19
4.650000000000039e-12 9.25516466911e-19 -1.65949793977e-21 9.23856968971e-19
4.6600000000000395e-12 9.25565950967e-19 -1.70883976077e-21 9.23857111207e-19
4.67000000000004e-12 9.25620809624e-19 -1.76338289283e-21 9.23857426731e-19
4.68000000000004e-12 9.25681165788e-19 -1.82323720418e-21 9.23857928584e-19
4.69000000000004e-12 9.25746711212e-19 -1.88842579058e-21 9.23858285421e-19
4.70000000000004e-12 9.25817347355e-19 -1.9588540024e-21 9.23858493353e-19
4.71000000000004e-12 9.25893217869e-19 -2.03427161227e-21 9.23858946257e-19
4.7200000000000405e-12 9.25973888752e-19 -2.11422761394e-21 9.23859661138e-19
4.730000000000041e-12 9.26058273942e-19 -2.1980171026e-21 9.2386025684e-19
4.740000000000041e-12 9.26145349906e-19 -2.28462107301e-21 9.23860728833e-19
4.750000000000041e-12 9.26234190776e-19 -2.37264052332e-21 9.23861550253e-19
4.760000000000041e-12 9.26322915077e-19 -2.46022841658e-21 9.2386268666e-19
4.770000000000041e-12 9.26408654286e-19 -2.54502593329e-21 9.23863628353e-19
4.7800000000000414e-12 9.26488491074e-19 -2.62411370534e-21 9.23864377369e-19
4.7900000000000416e-12 9.26558934072e-19 -2.69399442166e-21 9.23864939651e-19
4.800000000000042e-12 9.26615957965e-19 -2.7506305257e-21 9.23865327439e-19
4.810000000000042e-12 9.26655131099e-19 -2.78956884945e-21 9.2386556225e-19
4.820000000000042e-12 9.26671869516e-19 -2.80619153756e-21 9.23865677978e-19
4.830000000000042e-12 9.26661858477e-19 -2.79613508493e-21 9.23865723392e-19
4.840000000000042e-12 9.26621673505e-19 -2.75591099795e-21 9.23865762507e-19
4.8500000000000425e-12 9.2654985674e-19 -2.68373293684e-21 9.23866123803e-19
4.860000000000043e-12 9.2644738893e-19 -2.58049676729e-21 9.23866892163e-19
4.870000000000043e-12 9.26318648088e-19 -2.4507674461e-21 9.23867880642e-19
4.880000000000043e-12 9.26172614648e-19 -2.30351354827e-21 9.238691011e-19
4.890000000000043e-12 9.26022728845e-19 -2.15223595143e-21 9.23870492893e-19
4.900000000000043e-12 9.25886233403e-19 -2.01413473171e-21 9.23872098671e-19
4.9100000000000435e-12 9.25781820072e-19 -1.90812505778e-21 9.23873695014e-19
4.920000000000044e-12 9.25726712575e-19 -1.85187285561e-21 9.23874839719e-19
4.930000000000044e-12 9.25734289267e-19 -1.8584765082e-21 9.23875812758e-19
4.940000000000044e-12 9.25810299119e-19 -1.93374739389e-21 9.23876551725e-19
4.950000000000044e-12 9.25951655985e-19 -2.07500009701e-21 9.23876655888e-19
4.960000000000044e-12 9.26148097588e-19 -2.27178854844e-21 9.2387630904e-19
4.9700000000000445e-12 9.26384081226e-19 -2.50832262585e-21 9.238757586e-19
4.980000000000045e-12 9.2664197806e-19 -2.76673716427e-21 9.23875240895e-19
4.990000000000045e-12 9.26905154011e-19 -3.03022815828e-21 9.23874925853e-19
5.000000000000045e-12 9.27160217407e-19 -3.28532154923e-21 9.23874895858e-19
5.010000000000045e-12 9.27398141742e-19 -3.52298715356e-21 9.23875154589e-19
5.020000000000045e-12 9.27614775064e-19 -3.73870862641e-21 9.23876066438e-19
5.0300000000000454e-12 9.27809367955e-19 -3.93183653736e-21 9.23877531417e-19
5.0400000000000456e-12 9.27983613245e-19 -4.10458323343e-21 9.23879030012e-19
5.050000000000046e-12 9.28141421905e-19 -4.26093517453e-21 9.2388048673e-19
5.060000000000046e-12 9.28287472548e-19 -4.40563821882e-21 9.23881834329e-19
5.070000000000046e-12 9.28426310686e-19 -4.54330009908e-21 9.23883010587e-19
5.080000000000046e-12 9.28561520192e-19 -4.67757001765e-21 9.23883950174e-19
5.090000000000046e-12 9.28694864124e-19 -4.81029209263e-21 9.23884572032e-19
5.1000000000000465e-12 9.28825234706e-19 -4.94047339728e-21 9.23884761309e-19
5.110000000000047e-12 9.28947184652e-19 -5.06284119015e-21 9.23884343462e-19
5.120000000000047e-12 9.29048719341e-19 -5.16567206872e-21 9.23883047272e-19
5.130000000000047e-12 9.29107906357e-19 -5.22745198729e-21 9.2388045437e-19
5.140000000000047e-12 9.29088015644e-19 -5.21179586788e-21 9.23876219776e-19
5.150000000000047e-12 9.28929506824e-19 -5.06004393597e-21 9.23869462888e-19
5.1600000000000475e-12 9.28540318849e-19 -4.68145757315e-21 9.23858861276e-19
5.170000000000048e-12 9.27786708697e-19 -3.94301976124e-21 9.23843688936e-19
5.180000000000048e-12 9.26491746125e-19 -2.6668229576e-21 9.23824923168e-19
5.190000000000048e-12 9.24464571542e-19 -6.56353796757e-22 9.23808217745e-19
5.200000000000048e-12 9.21600269106e-19 2.20727581043e-21 9.23807544917e-19
5.210000000000048e-12 9.18083732669e-19 5.75918296181e-21 9.23842915631e-19
5.2200000000000484e-12 9.14617022493e-19 9.30059072932e-21 9.23917613223e-19
5.230000000000049e-12 9.12359387637e-19 1.16281284736e-20 9.23987516111e-19
5.240000000000049e-12 9.12287374042e-19 1.1700880107e-20 9.23988254149e-19
5.250000000000049e-12 9.14404556759e-19 9.51535532049e-21 9.2391991208e-19
5.260000000000049e-12 9.17740523575e-19 6.10633485306e-21 9.23846858428e-19
5.270000000000049e-12 9.2114067708e-19 2.67213387367e-21 9.23812810954e-19
5.280000000000049e-12 9.23908306909e-19 -9.3786278443e-23 9.2381452063e-19
5.2900000000000496e-12 9.25865126592e-19 -2.03284091978e-21 9.23832285672e-19
5.30000000000005e-12 9.27122689629e-19 -3.2706447436e-21 9.23852044885e-19
5.31000000000005e-12 9.27877716693e-19 -4.00966140725e-21 9.23868055285e-19
5.32000000000005e-12 9.28311006943e-19 -4.4317315117e-21 9.23879275431e-19
5.33000000000005e-12 9.28557290811e-19 -4.67088191058e-21 9.238864089e-19
5.34000000000005e-12 9.28706109641e-19 -4.81559650294e-21 9.23890513138e-19
5.3500000000000505e-12 9.28811856891e-19 -4.91933089344e-21 9.23892525997e-19
5.360000000000051e-12 9.28904376135e-19 -5.01120976753e-21 9.23893166367e-19
5.370000000000051e-12 9.28997624908e-19 -5.10467451286e-21 9.23892950395e-19
5.380000000000051e-12 9.29096313697e-19 -5.20386096551e-21 9.23892452732e-19
5.390000000000051e-12 9.29199919503e-19 -5.30802395866e-21 9.23891895544e-19
5.400000000000051e-12 9.29305565928e-19 -5.41438203087e-21 9.23891183897e-19
5.4100000000000515e-12 9.29410408814e-19 -5.51979179461e-21 9.2389061702e-19
5.420000000000052e-12 9.29511775033e-19 -5.62155639189e-21 9.23890218641e-19
5.430000000000052e-12 9.29607407912e-19 -5.71765864009e-21 9.23889749272e-19
5.440000000000052e-12 9.29695827779e-19 -5.80664271137e-21 9.23889185068e-19
5.450000000000052e-12 9.2977580079e-19 -5.88730562856e-21 9.23888495161e-19
5.460000000000052e-12 9.29845949811e-19 -5.9583036085e-21 9.23887646203e-19
5.4700000000000524e-12 9.2990433777e-19 -6.01773321694e-21 9.23886604553e-19
5.4800000000000526e-12 9.29948053809e-19 -6.06271668811e-21 9.23885337121e-19
5.490000000000053e-12 9.29972815807e-19 -6.0890039649e-21 9.23883811842e-19
5.500000000000053e-12 9.2997259893e-19 -6.09060022785e-21 9.23881998702e-19
5.510000000000053e-12 9.29939522085e-19 -6.05943595943e-21 9.23880086126e-19
5.520000000000053e-12 9.2986316783e-19 -5.98511597148e-21 9.23878051858e-19
5.530000000000053e-12 9.29730818416e-19 -5.85481581028e-21 9.23876002606e-19
5.5400000000000535e-12 9.2952741316e-19 -5.6534361163e-21 9.23873977043e-19
5.550000000000054e-12 9.29235903839e-19 -5.36417489457e-21 9.23871728944e-19
5.560000000000054e-12 9.28839106143e-19 -4.96972152516e-21 9.23869384618e-19
5.570000000000054e-12 9.28321433494e-19 -4.45429237317e-21 9.23867141121e-19
5.580000000000054e-12 9.27671955712e-19 -3.80668475664e-21 9.23865270955e-19
5.590000000000054e-12 9.26888502127e-19 -3.0243912542e-21 9.23864110872e-19
5.6000000000000545e-12 9.25982600806e-19 -2.11857304621e-21 9.2386402776e-19
5.610000000000055e-12 9.24984688721e-19 -1.1193359992e-21 9.23865352722e-19
5.620000000000055e-12 9.23948821307e-19 -8.02509284307e-23 9.23868570379e-19
5.630000000000055e-12 9.22953789753e-19 9.19712387147e-22 9.2387350214e-19
5.640000000000055e-12 9.2209933316e-19 1.77973305098e-21 9.23879066211e-19
5.650000000000055e-12 9.21494087667e-19 2.38966968662e-21 9.23883757354e-19
5.6600000000000555e-12 9.21232475479e-19 2.6531395107e-21 9.2388561499e-19
5.670000000000056e-12 9.21366635039e-19 2.51645783715e-21 9.23883092876e-19
5.680000000000056e-12 9.21885634695e-19 1.99091036863e-21 9.23876545064e-19
5.690000000000056e-12 9.22712926864e-19 1.15455477342e-21 9.23867481637e-19
5.700000000000056e-12 9.23727758693e-19 1.30037929315e-22 9.23857796622e-19
5.710000000000056e-12 9.24800004437e-19 -9.50452599654e-22 9.23849551837e-19
5.7200000000000564e-12 9.25820120693e-19 -1.97603963581e-21 9.23844081057e-19
5.7300000000000566e-12 9.26714398153e-19 -2.87307107227e-21 9.23841327081e-19
5.740000000000057e-12 9.27446183691e-19 -3.60589692642e-21 9.23840286764e-19
5.750000000000057e-12 9.28008760043e-19 -4.16859028081e-21 9.23840169762e-19
5.760000000000057e-12 9.28414939163e-19 -4.57411335352e-21 9.2384082581e-19
5.770000000000057e-12 9.28686763397e-19 -4.84491233098e-21 9.23841851066e-19
5.780000000000057e-12 9.28848870151e-19 -5.00633861042e-21 9.23842531541e-19
5.7900000000000575e-12 9.28925521244e-19 -5.08275988338e-21 9.2384276136e-19
5.800000000000058e-12 9.28938174531e-19 -5.09565651806e-21 9.23842518013e-19
5.810000000000058e-12 9.28904793658e-19 -5.0629709318e-21 9.23841822726e-19
5.820000000000058e-12 9.28840213376e-19 -4.99914933619e-21 9.2384106404e-19
5.830000000000058e-12 9.28755807197e-19 -4.91550905387e-21 9.23840298143e-19
5.840000000000058e-12 9.28660331173e-19 -4.82071648047e-21 9.23839614693e-19
5.8500000000000585e-12 9.28560331369e-19 -4.72126240794e-21 9.23839068961e-19
5.860000000000059e-12 9.28460391887e-19 -4.6218825545e-21 9.23838509333e-19
5.870000000000059e-12 9.28364031918e-19 -4.52590348857e-21 9.23838128429e-19
5.880000000000059e-12 9.28273277712e-19 -4.4355123139e-21 9.23837765398e-19
5.890000000000059e-12 9.28189710507e-19 -4.35195483972e-21 9.23837755668e-19
5.900000000000059e-12 9.28113741009e-19 -4.27566926047e-21 9.23838071748e-19
5.9100000000000594e-12 9.28044559775e-19 -4.20636187659e-21 9.23838197899e-19
5.9200000000000596e-12 9.27981267778e-19 -4.14302955552e-21 9.23838238222e-19
5.93000000000006e-12 9.27922123849e-19 -4.08393163811e-21 9.2383819221e-19
5.94000000000006e-12 9.27864471278e-19 -4.02651652676e-21 9.23837954751e-19
5.95000000000006e-12 9.27804817199e-19 -3.9673006618e-21 9.23837516538e-19
5.96000000000006e-12 9.27738572864e-19 -3.90170811734e-21 9.23836864747e-19
5.97000000000006e-12 9.27659973201e-19 -3.82388210986e-21 9.23836091091e-19
5.9800000000000605e-12 9.27561675079e-19 -3.72649416273e-21 9.23835180916e-19
5.990000000000061e-12 9.27434621704e-19 -3.60060143025e-21 9.23834020274e-19
6.000000000000061e-12 9.27268262222e-19 -3.43564203035e-21 9.23832620191e-19
6.010000000000061e-12 9.27050741552e-19 -3.21971691424e-21 9.23831024638e-19
6.020000000000061e-12 9.26769712748e-19 -2.94038089599e-21 9.23829331852e-19
6.030000000000061e-12 9.26413954667e-19 -2.58623653046e-21 9.23827718136e-19
6.0400000000000615e-12 9.25976092973e-19 -2.14963927866e-21 9.23826453694e-19
6.050000000000062e-12 9.25456565355e-19 -1.63067628931e-21 9.23825889066e-19
6.060000000000062e-12 9.2486850516e-19 -1.04212368726e-21 9.23826381472e-19
6.070000000000062e-12 9.24242564782e-19 -4.14208518435e-22 9.23828356264e-19
6.080000000000062e-12 9.23628508464e-19 2.03149226327e-22 9.2383165769e-19
6.090000000000062e-12 9.23091721294e-19 7.43657748069e-22 9.23835379042e-19
6.1000000000000625e-12 9.22703043115e-19 1.13565361568e-21 9.23838696731e-19
6.110000000000063e-12 9.22520928916e-19 1.31948228649e-21 9.23840411202e-19
6.120000000000063e-12 9.22574237958e-19 1.265284377e-21 9.23839522335e-19
6.130000000000063e-12 9.22853395532e-19 9.82864959277e-22 9.23836260492e-19
6.140000000000063e-12 9.23313248436e-19 5.18388420852e-22 9.23831636857e-19
6.150000000000063e-12 9.23887258373e-19 -6.02971320254e-23 9.23826961241e-19
6.1600000000000634e-12 9.24505447152e-19 -6.82249541415e-22 9.23823197611e-19
6.1700000000000636e-12 9.25108914766e-19 -1.28819374312e-21 9.23820721023e-19
6.180000000000064e-12 9.2565719623e-19 -1.83770796746e-21 9.23819488262e-19
6.190000000000064e-12 9.26129110343e-19 -2.30948251059e-21 9.23819627832e-19
6.200000000000064e-12 9.26518246473e-19 -2.69750028525e-21 9.23820746187e-19
6.210000000000064e-12 9.26828497369e-19 -3.00595963805e-21 9.23822537731e-19
6.220000000000064e-12 9.27069457644e-19 -3.24470284955e-21 9.23824754795e-19
6.2300000000000645e-12 9.27252619781e-19 -3.42584644231e-21 9.23826773339e-19
6.240000000000065e-12 9.2739016965e-19 -3.5616380939e-21 9.23828531556e-19
6.250000000000065e-12 9.2749328802e-19 -3.66327758937e-21 9.23830010431e-19
6.260000000000065e-12 9.27571602067e-19 -3.74038707289e-21 9.23831214994e-19
6.270000000000065e-12 9.27633028464e-19 -3.80086708384e-21 9.2383216138e-19
6.280000000000065e-12 9.27683819798e-19 -3.85095101925e-21 9.23832868779e-19
6.2900000000000655e-12 9.27728692794e-19 -3.89533799304e-21 9.23833354801e-19
6.300000000000066e-12 9.27770965676e-19 -3.93733269591e-21 9.2383363298e-19
6.310000000000066e-12 9.27812663842e-19 -3.97895232035e-21 9.23833711522e-19
6.320000000000066e-12 9.27854572036e-19 -4.02097932831e-21 9.23833592707e-19
6.330000000000066e-12 9.27896222125e-19 -4.06294943581e-21 9.23833272689e-19
6.340000000000066e-12 9.27935812267e-19 -4.10307059592e-21 9.23832741671e-19
6.3500000000000664e-12 9.27970059156e-19 -4.13807458184e-21 9.23831984574e-19
6.360000000000067e-12 9.27993993687e-19 -4.1630109289e-21 9.23830982758e-19
6.370000000000067e-12 9.28000725775e-19 -4.17100807717e-21 9.23829717698e-19
6.380000000000067e-12 9.27981231584e-19 -4.15305374172e-21 9.23828177842e-19
6.390000000000067e-12 9.2792426233e-19 -4.09789183009e-21 9.238263705e-19
6.400000000000067e-12 9.27816543798e-19 -3.99220308049e-21 9.23824340718e-19
6.410000000000067e-12 9.27643528673e-19 -3.82133096973e-21 9.23822197703e-19
6.4200000000000676e-12 9.273910595e-19 -3.57091401079e-21 9.23820145489e-19
6.430000000000068e-12 9.27048335908e-19 -3.22983055276e-21 9.23818505355e-19
6.440000000000068e-12 9.26612426136e-19 -2.79472321989e-21 9.23817702916e-19
6.450000000000068e-12 9.26094152044e-19 -2.27584789169e-21 9.23818304152e-19
6.460000000000068e-12 9.25523485028e-19 -1.70291669955e-21 9.23820568328e-19
6.470000000000068e-12 9.24952300113e-19 -1.12813282444e-21 9.23824167289e-19
6.4800000000000685e-12 9.24450843421e-19 -6.2261976426e-22 9.23828223657e-19
6.490000000000069e-12 9.24095128032e-19 -2.6358342648e-22 9.23831544605e-19
6.500000000000069e-12 9.23946569221e-19 -1.13902576298e-22 9.23832666645e-19
6.510000000000069e-12 9.2403237666e-19 -2.01769988667e-22 9.23830606671e-19
6.520000000000069e-12 9.24336407203e-19 -5.10613355995e-22 9.23825793847e-19
6.530000000000069e-12 9.24804578041e-19 -9.85011684933e-22 9.23819566356e-19
6.5400000000000695e-12 9.25362654117e-19 -1.5492081212e-21 9.23813445995e-19
6.55000000000007e-12 9.25936972915e-19 -2.12848184833e-21 9.23808491067e-19
6.56000000000007e-12 9.26469858828e-19 -2.66448070924e-21 9.23805378118e-19
6.57000000000007e-12 9.26925145092e-19 -3.12118883208e-21 9.2380395626e-19
6.58000000000007e-12 9.27287212002e-19 -3.48332050004e-21 9.23803891502e-19
6.59000000000007e-12 9.27555627325e-19 -3.75090924242e-21 9.23804718083e-19
6.6000000000000704e-12 9.27738961022e-19 -3.93327600095e-21 9.23805685021e-19
6.6100000000000706e-12 9.27850648433e-19 -4.04409115405e-21 9.23806557279e-19
6.620000000000071e-12 9.27905456497e-19 -4.09802260653e-21 9.23807433891e-19
6.630000000000071e-12 9.27917049083e-19 -4.10879919335e-21 9.2380824989e-19
6.640000000000071e-12 9.27897050092e-19 -4.08829680296e-21 9.23808753289e-19
6.650000000000071e-12 9.27855217812e-19 -4.04626556436e-21 9.23808952248e-19
6.660000000000071e-12 9.27799275407e-19 -3.99041034818e-21 9.23808865059e-19
6.6700000000000715e-12 9.27735148202e-19 -3.92663593675e-21 9.23808512265e-19
6.680000000000072e-12 9.27667582737e-19 -3.85934572493e-21 9.23808237013e-19
6.690000000000072e-12 9.27599774408e-19 -3.79173516625e-21 9.23808039242e-19
6.700000000000072e-12 9.27534203225e-19 -3.72605289554e-21 9.2380815033e-19
6.710000000000072e-12 9.27472444921e-19 -3.6638202749e-21 9.23808624646e-19
6.720000000000072e-12 9.27414967764e-19 -3.6060102876e-21 9.23808957476e-19
6.7300000000000725e-12 9.27362347204e-19 -3.5531890028e-21 9.23809158201e-19
6.740000000000073e-12 9.27314859836e-19 -3.50562597755e-21 9.23809233859e-19
6.750000000000073e-12 9.27272877514e-19 -3.46337923469e-21 9.23809498279e-19
6.760000000000073e-12 9.27236303738e-19 -3.42635989964e-21 9.23809943838e-19
6.770000000000073e-12 9.27204964358e-19 -3.39438108823e-21 9.2381058327e-19
6.780000000000073e-12 9.27178600825e-19 -3.36719429802e-21 9.23811406527e-19
6.7900000000000735e-12 9.27156589204e-19 -3.34451648931e-21 9.23812072715e-19
6.800000000000074e-12 9.27138632143e-19 -3.32604982237e-21 9.2381258232e-19
6.810000000000074e-12 9.27124431212e-19 -3.3114959938e-21 9.23812935218e-19
6.820000000000074e-12 9.27113697191e-19 -3.30056645067e-21 9.2381313074e-19
6.830000000000074e-12 9.27106157276e-19 -3.29298957977e-21 9.23813167697e-19
6.840000000000074e-12 9.27101560006e-19 -3.28851559045e-21 9.23813044416e-19
6.8500000000000744e-12 9.27099678526e-19 -3.28691974864e-21 9.23812758777e-19
6.8600000000000746e-12 9.27100312655e-19 -3.28800446151e-21 9.23812308193e-19
6.870000000000075e-12 9.27103290111e-19 -3.29160049766e-21 9.23811689613e-19
6.880000000000075e-12 9.27108467152e-19 -3.29756763698e-21 9.23810899515e-19
6.890000000000075e-12 9.27115728844e-19 -3.30579496448e-21 9.23809933879e-19
6.900000000000075e-12 9.27124989091e-19 -3.31620093061e-21 9.23808788161e-19
6.910000000000075e-12 9.27136190545e-19 -3.32873329099e-21 9.23807457254e-19
6.9200000000000755e-12 9.27149846872e-19 -3.34336898347e-21 9.23806477889e-19
6.930000000000076e-12 9.27165997623e-19 -3.36011310912e-21 9.23805884514e-19
6.940000000000076e-12 9.27184172451e-19 -3.37900058297e-21 9.23805171869e-19
6.950000000000076e-12 9.27204434635e-19 -3.40009537419e-21 9.23804339261e-19
6.960000000000076e-12 9.27227082491e-19 -3.42349061272e-21 9.23803591878e-19
6.970000000000076e-12 9.27252242724e-19 -3.44930885641e-21 9.23802933867e-19
6.9800000000000765e-12 9.27279865603e-19 -3.47770230777e-21 9.23802163296e-19
6.990000000000077e-12 9.27310132228e-19 -3.50885322875e-21 9.23801278999e-19
7.000000000000077e-12 9.27343254013e-19 -3.54297438139e-21 9.23800279631e-19
7.010000000000077e-12 9.27379473139e-19 -3.58030950478e-21 9.23799163635e-19
7.020000000000077e-12 9.27419062962e-19 -3.62113373022e-21 9.23797929232e-19
7.030000000000077e-12 9.27462328258e-19 -3.66575384554e-21 9.23796574413e-19
7.0400000000000774e-12 9.27509605179e-19 -3.71450827783e-21 9.23795096901e-19
7.050000000000078e-12 9.27561481829e-19 -3.76776652685e-21 9.23793715303e-19
7.060000000000078e-12 9.27618359587e-19 -3.82592768293e-21 9.23792431904e-19
7.070000000000078e-12 9.27680445007e-19 -3.88941758647e-21 9.23791027421e-19
7.080000000000078e-12 9.27748181628e-19 -3.9586836342e-21 9.23789497994e-19
7.090000000000078e-12 9.27822025165e-19 -4.03418614295e-21 9.23787839022e-19
7.100000000000078e-12 9.27902593161e-19 -4.11638437888e-21 9.23786208782e-19
7.1100000000000786e-12 9.27990313009e-19 -4.20571452031e-21 9.23784598488e-19
7.120000000000079e-12 9.28085388864e-19 -4.30255532406e-21 9.2378283354e-19
7.130000000000079e-12 9.28188077469e-19 -4.40717515284e-21 9.23780902316e-19
7.140000000000079e-12 9.28298439943e-19 -4.51965066624e-21 9.23778789276e-19
7.150000000000079e-12 9.28416215378e-19 -4.63974230306e-21 9.23776473075e-19
7.160000000000079e-12 9.28540627372e-19 -4.76670369662e-21 9.23773923675e-19
7.1700000000000795e-12 9.28670196632e-19 -4.89898976952e-21 9.23771206863e-19
7.18000000000008e-12 9.28802070508e-19 -5.03380924132e-21 9.23768261266e-19
7.19000000000008e-12 9.28931324504e-19 -5.16643813521e-21 9.23764886369e-19
7.20000000000008e-12 9.29050456538e-19 -5.2891683405e-21 9.23761288198e-19
7.21000000000008e-12 9.29147088828e-19 -5.38970558154e-21 9.23757383247e-19
7.22000000000008e-12 9.2920177084e-19 -5.44875363449e-21 9.23753017206e-19
7.2300000000000805e-12 9.29184138874e-19 -5.43646210922e-21 9.23747676765e-19
7.240000000000081e-12 9.290477639e-19 -5.30742829234e-21 9.23740335607e-19
7.250000000000081e-12 9.28725137709e-19 -4.99431929208e-21 9.23730818417e-19
7.260000000000081e-12 9.28120044413e-19 -4.40141156734e-21 9.23718632845e-19
7.270000000000081e-12 9.27106448488e-19 -3.40267202086e-21 9.23703776467e-19
7.28000000000008e-12 9.25545849662e-19 -1.8560337033e-21 9.23689815958e-19
7.29000000000008e-12 9.23340626104e-19 3.43922897623e-22 9.23684549001e-19
7.30000000000008e-12 9.20550724423e-19 3.14940001178e-21 9.23700124434e-19
7.310000000000081e-12 9.17550691363e-19 6.1938127793e-21 9.23744504142e-19
7.320000000000081e-12 9.15086133602e-19 8.71608923125e-21 9.23802222833e-19
7.330000000000081e-12 9.14014090404e-19 9.81826838158e-21 9.23832358786e-19
7.340000000000081e-12 9.14758050284e-19 9.04989813252e-21 9.23807948417e-19
7.350000000000082e-12 9.16980735303e-19 6.77056945628e-21 9.2375130476e-19
7.360000000000082e-12 9.19858629025e-19 3.84600463078e-21 9.23704633656e-19
7.370000000000082e-12 9.22630043457e-19 1.05605399695e-21 9.23686097454e-19
7.380000000000082e-12 9.24891759214e-19 -1.20241702654e-21 9.23689342187e-19
7.390000000000082e-12 9.26563172609e-19 -2.86129134581e-21 9.23701881263e-19
7.400000000000082e-12 9.27731137204e-19 -4.01591808598e-21 9.23715219118e-19
7.410000000000083e-12 9.28528656132e-19 -4.8026598332e-21 9.23725996298e-19
7.420000000000083e-12 9.29075752103e-19 -5.34213225882e-21 9.23733619844e-19
7.430000000000083e-12 9.29462155324e-19 -5.7235891026e-21 9.23738566222e-19
7.440000000000083e-12 9.2974853838e-19 -6.00700722455e-21 9.23741531156e-19
7.450000000000083e-12 9.29973242206e-19 -6.23012973095e-21 9.23743112475e-19
7.460000000000083e-12 9.3015910637e-19 -6.41527485878e-21 9.23743831511e-19
7.470000000000083e-12 9.30318690587e-19 -6.57439866727e-21 9.2374429192e-19
7.480000000000084e-12 9.30456867545e-19 -6.7123378542e-21 9.23744529691e-19
7.490000000000084e-12 9.30572840272e-19 -6.82858598378e-21 9.23744254288e-19
7.500000000000084e-12 9.30661473585e-19 -6.91800598741e-21 9.23743467598e-19
7.510000000000084e-12 9.30712970357e-19 -6.97083287555e-21 9.23742137482e-19
7.520000000000084e-12 9.3071278282e-19 -6.97229424509e-21 9.23740488574e-19
7.530000000000084e-12 9.30640759056e-19 -6.90223425227e-21 9.23738524803e-19
7.540000000000085e-12 9.30471607434e-19 -6.73531097625e-21 9.23736296458e-19
7.550000000000085e-12 9.30176772783e-19 -6.44266984232e-21 9.2373410294e-19
7.560000000000085e-12 9.29728750398e-19 -5.9964007155e-21 9.23732349683e-19
7.570000000000085e-12 9.29110341518e-19 -5.37830632612e-21 9.23732035192e-19
7.580000000000085e-12 9.28328203177e-19 -4.59377277402e-21 9.23734430403e-19
7.590000000000085e-12 9.274293173e-19 -3.68875328934e-21 9.23740564011e-19
7.600000000000086e-12 9.2651277355e-19 -2.76240881314e-21 9.23750364737e-19
7.610000000000086e-12 9.25723763121e-19 -1.96223767757e-21 9.23761525443e-19
7.620000000000086e-12 9.25219943636e-19 -1.45016858386e-21 9.23769775052e-19
7.630000000000086e-12 9.25115976746e-19 -1.34471553884e-21 9.23771261207e-19
7.640000000000086e-12 9.25433877919e-19 -1.66871705347e-21 9.23765160866e-19
7.650000000000086e-12 9.26092603593e-19 -2.33828351166e-21 9.23754320081e-19
7.660000000000087e-12 9.26944361461e-19 -3.20123623421e-21 9.23743125226e-19
7.670000000000087e-12 9.27832164636e-19 -4.09735434384e-21 9.23734810292e-19
7.680000000000087e-12 9.28634867451e-19 -4.90448677677e-21 9.23730380674e-19
7.690000000000087e-12 9.29284059555e-19 -5.55487597942e-21 9.23729183576e-19
7.700000000000087e-12 9.2975811995e-19 -6.0281588662e-21 9.23729961084e-19
7.710000000000087e-12 9.30066560877e-19 -6.33499029996e-21 9.23731570577e-19
7.720000000000087e-12 9.30234678751e-19 -6.50143494708e-21 9.23733243804e-19
7.730000000000088e-12 9.30292688217e-19 -6.55811912865e-21 9.23734569088e-19
7.740000000000088e-12 9.30269576672e-19 -6.53419577165e-21 9.237353809e-19
7.750000000000088e-12 9.30190390559e-19 -6.45473803758e-21 9.23735652521e-19
7.760000000000088e-12 9.30075543209e-19 -6.34012224259e-21 9.23735420967e-19
7.770000000000088e-12 9.29941106954e-19 -6.20636393552e-21 9.23734743019e-19
7.780000000000088e-12 9.29799462125e-19 -6.06578890609e-21 9.23733673219e-19
7.790000000000089e-12 9.2966018813e-19 -5.92772266854e-21 9.23732465461e-19
7.800000000000089e-12 9.29530390583e-19 -5.79906681758e-21 9.23731323766e-19
7.810000000000089e-12 9.29415178692e-19 -5.68473242584e-21 9.23730446266e-19
7.820000000000089e-12 9.29317639553e-19 -5.58795172916e-21 9.23729687824e-19
7.83000000000009e-12 9.29239192523e-19 -5.51050723962e-21 9.23728685283e-19
7.84000000000009e-12 9.29180369633e-19 -5.45292127437e-21 9.23727448359e-19
7.85000000000009e-12 9.29140625927e-19 -5.41463896484e-21 9.23725986962e-19
7.86000000000009e-12 9.29118798384e-19 -5.39422439447e-21 9.2372457399e-19
7.87000000000009e-12 9.29112803289e-19 -5.389574749e-21 9.2372322854e-19
7.88000000000009e-12 9.29120204301e-19 -5.3981457334e-21 9.23722058568e-19
7.89000000000009e-12 9.29138228039e-19 -5.41717272876e-21 9.2372105531e-19
7.90000000000009e-12 9.2916421437e-19 -5.4438727681e-21 9.23720341602e-19
7.91000000000009e-12 9.29196162251e-19 -5.47561082976e-21 9.23720551421e-19
7.92000000000009e-12 9.29231280273e-19 -5.51002292967e-21 9.23721257343e-19
7.930000000000091e-12 9.29266979564e-19 -5.54509291847e-21 9.23721886646e-19
7.940000000000091e-12 9.29301625314e-19 -5.57918640328e-21 9.2372243891e-19
7.950000000000091e-12 9.2933413974e-19 -5.61104861329e-21 9.23723091127e-19
7.960000000000091e-12 9.29363611157e-19 -5.63977550313e-21 9.23723835654e-19
7.970000000000091e-12 9.2938978645e-19 -5.66476763323e-21 9.23725018817e-19
7.980000000000092e-12 9.29412271093e-19 -5.68567528344e-21 9.23726595809e-19
7.990000000000092e-12 9.29430332875e-19 -5.70234200759e-21 9.23727990867e-19
8.000000000000092e-12 9.29443956959e-19 -5.71475132624e-21 9.23729205633e-19
8.010000000000092e-12 9.29453221677e-19 -5.72298008884e-21 9.23730241589e-19
8.020000000000092e-12 9.29458260363e-19 -5.72716017919e-21 9.23731100184e-19
8.030000000000092e-12 9.29459232124e-19 -5.7274492691e-21 9.23731782855e-19
8.040000000000093e-12 9.29456688072e-19 -5.72401037549e-21 9.23732677696e-19
8.050000000000093e-12 9.29450806682e-19 -5.71699955934e-21 9.23733807122e-19
8.060000000000093e-12 9.29441368565e-19 -5.70656056564e-21 9.23734807999e-19
8.070000000000093e-12 9.29428509301e-19 -5.69282542188e-21 9.23735683879e-19
8.080000000000093e-12 9.29412357629e-19 -5.67591942679e-21 9.23736438202e-19
8.090000000000093e-12 9.29393043472e-19 -5.65596929412e-21 9.23737074178e-19
8.100000000000094e-12 9.29371242866e-19 -5.63311291761e-21 9.23738129948e-19
8.110000000000094e-12 9.29347079767e-19 -5.60750934306e-21 9.23739570424e-19
8.120000000000094e-12 9.2932017527e-19 -5.57934776643e-21 9.23740827504e-19
8.130000000000094e-12 9.29290761914e-19 -5.54885393496e-21 9.23741907979e-19
8.140000000000094e-12 9.29259110852e-19 -5.51629319169e-21 9.2374281766e-19
8.150000000000094e-12 9.29225530615e-19 -5.48196922314e-21 9.23743561392e-19
8.160000000000094e-12 9.29190361252e-19 -5.44621815796e-21 9.23744143094e-19
8.170000000000095e-12 9.29153963961e-19 -5.40939808106e-21 9.2374456588e-19
8.180000000000095e-12 9.2911670682e-19 -5.37187465562e-21 9.23744832164e-19
8.190000000000095e-12 9.29078947801e-19 -5.33400395557e-21 9.23744943846e-19
8.200000000000095e-12 9.29041016652e-19 -5.29611417099e-21 9.23744902481e-19
8.210000000000095e-12 9.29003197521e-19 -5.2584880523e-21 9.23744709468e-19
8.220000000000095e-12 9.2896571428e-19 -5.22134804496e-21 9.23744366235e-19
8.230000000000096e-12 9.28928720266e-19 -5.18484590862e-21 9.23743874357e-19
8.240000000000096e-12 9.28892509847e-19 -5.14905809657e-21 9.23743451751e-19
8.250000000000096e-12 9.28857081291e-19 -5.11398694212e-21 9.23743094349e-19
8.260000000000096e-12 9.28822152417e-19 -5.07957011663e-21 9.237425823e-19
8.270000000000096e-12 9.28788149484e-19 -5.04569357777e-21 9.23742455907e-19
8.280000000000096e-12 9.2875488366e-19 -5.01220825636e-21 9.23742675404e-19
8.290000000000097e-12 9.28721619128e-19 -4.97895227385e-21 9.23742666854e-19
8.300000000000097e-12 9.28688209437e-19 -4.94577012064e-21 9.23742439316e-19
8.310000000000097e-12 9.28654765735e-19 -4.91253139133e-21 9.23742234343e-19
8.320000000000097e-12 9.28621207016e-19 -4.87914651952e-21 9.23742060496e-19
8.330000000000097e-12 9.28587269387e-19 -4.84557825928e-21 9.23741691128e-19
8.340000000000097e-12 9.28552978355e-19 -4.81184850171e-21 9.23741129853e-19
8.350000000000098e-12 9.28518419501e-19 -4.77804031257e-21 9.23740379189e-19
8.360000000000098e-12 9.28483979908e-19 -4.74429551496e-21 9.23739684393e-19
8.370000000000098e-12 9.28449860897e-19 -4.71080853492e-21 9.23739052362e-19
8.380000000000098e-12 9.28416062776e-19 -4.67781723064e-21 9.23738245545e-19
8.390000000000098e-12 9.28382855015e-19 -4.64559175772e-21 9.23737263257e-19
8.400000000000098e-12 9.28350811129e-19 -4.61442233897e-21 9.2373638879e-19
8.410000000000098e-12 9.28320237739e-19 -4.58460679835e-21 9.23735630941e-19
8.420000000000099e-12 9.28291152257e-19 -4.55643833648e-21 9.23734713921e-19
8.430000000000099e-12 9.28263830281e-19 -4.53019437296e-21 9.23733635908e-19
8.440000000000099e-12 9.28238521434e-19 -4.50612669243e-21 9.23732394742e-19
8.450000000000099e-12 9.28215441109e-19 -4.48445313513e-21 9.23730987974e-19
8.4600000000001e-12 9.28194763922e-19 -4.46535104476e-21 9.23729412877e-19
8.4700000000001e-12 9.28176618919e-19 -4.44895248398e-21 9.23727666435e-19
8.4800000000001e-12 9.28161181844e-19 -4.43534116481e-21 9.23725840679e-19
8.4900000000001e-12 9.28148483419e-19 -4.4245510454e-21 9.23723932373e-19
8.5000000000001e-12 9.28138409055e-19 -4.4165664607e-21 9.23721842595e-19
8.5100000000001e-12 9.28130890664e-19 -4.4113236205e-21 9.23719567044e-19
8.5200000000001e-12 9.28126191535e-19 -4.40871331012e-21 9.23717478225e-19
8.5300000000001e-12 9.28124175182e-19 -4.40858467399e-21 9.23715590508e-19
8.5400000000001e-12 9.28124291469e-19 -4.41074962377e-21 9.23713541845e-19
8.5500000000001e-12 9.28126724028e-19 -4.41498811067e-21 9.23711735917e-19
8.560000000000101e-12 9.28131629886e-19 -4.42105365487e-21 9.23710576231e-19
8.570000000000101e-12 9.28138372756e-19 -4.42867934272e-21 9.23709693414e-19
8.580000000000101e-12 9.28146303246e-19 -4.43758356241e-21 9.23708719684e-19
8.590000000000101e-12 9.28155130109e-19 -4.44747575857e-21 9.23707654351e-19
8.600000000000101e-12 9.28164558354e-19 -4.45806183125e-21 9.23706496523e-19
8.610000000000102e-12 9.28174294181e-19 -4.46904907392e-21 9.23705245107e-19
8.620000000000102e-12 9.28184049363e-19 -4.48015058161e-21 9.23703898781e-19
8.630000000000102e-12 9.28193545006e-19 -4.4910889834e-21 9.23702456023e-19
8.640000000000102e-12 9.2820294687e-19 -4.50159958043e-21 9.2370134729e-19
8.650000000000102e-12 9.28212305541e-19 -4.51143273584e-21 9.23700872805e-19
8.660000000000102e-12 9.28221126853e-19 -4.5203564689e-21 9.23700770384e-19
8.670000000000103e-12 9.28229128728e-19 -4.52815662755e-21 9.23700972101e-19
8.680000000000103e-12 9.28235927132e-19 -4.53463865992e-21 9.23701288472e-19
8.690000000000103e-12 9.28241094461e-19 -4.53962817995e-21 9.23701466281e-19
8.700000000000103e-12 9.2824473138e-19 -4.54297166613e-21 9.23701759714e-19
8.710000000000103e-12 9.28246697816e-19 -4.54453699996e-21 9.23702160816e-19
8.720000000000103e-12 9.28246800095e-19 -4.54421411404e-21 9.23702585981e-19
8.730000000000104e-12 9.28244953069e-19 -4.54191561465e-21 9.23703037455e-19
8.740000000000104e-12 9.28241314613e-19 -4.53757734442e-21 9.23703737268e-19
8.750000000000104e-12 9.28235863961e-19 -4.53115910567e-21 9.23704704855e-19
8.760000000000104e-12 9.2822820602e-19 -4.52264513915e-21 9.23705560881e-19
8.770000000000104e-12 9.28218350054e-19 -4.51204457547e-21 9.23706305479e-19
8.780000000000104e-12 9.28206330246e-19 -4.49939157101e-21 9.23706938675e-19
8.790000000000105e-12 9.28192205512e-19 -4.48474514085e-21 9.23707460371e-19
8.800000000000105e-12 9.28176058934e-19 -4.46818862095e-21 9.23707870313e-19
8.810000000000105e-12 9.28157996772e-19 -4.44982865348e-21 9.23708168118e-19
8.820000000000105e-12 9.28138147058e-19 -4.42979380435e-21 9.23708353254e-19
8.830000000000105e-12 9.28116657808e-19 -4.40823276808e-21 9.23708425039e-19
8.840000000000105e-12 9.28093694883e-19 -4.38531225184e-21 9.23708382632e-19
8.850000000000105e-12 9.28069439613e-19 -4.36121458572e-21 9.23708225027e-19
8.860000000000106e-12 9.28044086233e-19 -4.33613517181e-21 9.23707951061e-19
8.870000000000106e-12 9.28017839269e-19 -4.31027985215e-21 9.23707559417e-19
8.880000000000106e-12 9.2799091095e-19 -4.2838623569e-21 9.23707048593e-19
8.890000000000106e-12 9.27963518745e-19 -4.25710181572e-21 9.23706416929e-19
8.900000000000106e-12 9.27935883115e-19 -4.23022053176e-21 9.23705662584e-19
8.910000000000106e-12 9.27908225538e-19 -4.20344200903e-21 9.23704783529e-19
8.920000000000107e-12 9.2788076686e-19 -4.17698933187e-21 9.23703777528e-19
8.930000000000107e-12 9.27854058982e-19 -4.15108390037e-21 9.23702975082e-19
8.940000000000107e-12 9.27828303162e-19 -4.12594451518e-21 9.23702358646e-19
8.950000000000107e-12 9.27803365049e-19 -4.10178694272e-21 9.23701578106e-19
8.960000000000107e-12 9.27779455303e-19 -4.07882377684e-21 9.23700631526e-19
8.970000000000107e-12 9.27757225009e-19 -4.05726471373e-21 9.23699960296e-19
8.980000000000108e-12 9.27736907484e-19 -4.0373172739e-21 9.2369959021e-19
8.990000000000108e-12 9.27718292543e-19 -4.01918749298e-21 9.2369910505e-19
9.000000000000108e-12 9.27701586829e-19 -4.00308122014e-21 9.23698505609e-19
9.010000000000108e-12 9.27687229066e-19 -3.98920554892e-21 9.23698023517e-19
9.020000000000108e-12 9.27675427153e-19 -3.97777044599e-21 9.23697656707e-19
9.030000000000108e-12 9.27666162313e-19 -3.96899061943e-21 9.23697171693e-19
9.040000000000108e-12 9.2765965553e-19 -3.96308737543e-21 9.23696568154e-19
9.050000000000109e-12 9.27656136273e-19 -3.96029061363e-21 9.2369584566e-19
9.060000000000109e-12 9.2765584448e-19 -3.96084081724e-21 9.23695003663e-19
9.070000000000109e-12 9.27659032476e-19 -3.96499099032e-21 9.23694041485e-19
9.080000000000109e-12 9.27665966767e-19 -3.97300845469e-21 9.23692958312e-19
9.09000000000011e-12 9.27676929589e-19 -3.98517642326e-21 9.23691753166e-19
9.10000000000011e-12 9.27692502799e-19 -4.00179518636e-21 9.23690707612e-19
9.11000000000011e-12 9.27713450161e-19 -4.02318281973e-21 9.23690267341e-19
9.12000000000011e-12 9.27739824236e-19 -4.04967494446e-21 9.23690149292e-19
9.13000000000011e-12 9.27771949598e-19 -4.0816234723e-21 9.23690326126e-19
9.14000000000011e-12 9.27810165921e-19 -4.11939363479e-21 9.23690772287e-19
9.15000000000011e-12 9.2785440269e-19 -4.163358764e-21 9.23691043926e-19
9.16000000000011e-12 9.2790523598e-19 -4.21389163211e-21 9.23691344348e-19
9.17000000000011e-12 9.27963020396e-19 -4.27135111805e-21 9.23691669278e-19
9.18000000000011e-12 9.28027989199e-19 -4.3360621562e-21 9.23691927042e-19
9.190000000000111e-12 9.28100403044e-19 -4.408286086e-21 9.23692116958e-19
9.200000000000111e-12 9.28180978679e-19 -4.48817728107e-21 9.23692801398e-19
9.210000000000111e-12 9.28269705877e-19 -4.57572026687e-21 9.2369398561e-19
9.220000000000111e-12 9.2836563193e-19 -4.67063950187e-21 9.23694992428e-19
9.230000000000112e-12 9.28468079421e-19 -4.77226940907e-21 9.23695810012e-19
9.240000000000112e-12 9.28575788624e-19 -4.87936876339e-21 9.23696419861e-19
9.250000000000112e-12 9.28686650672e-19 -4.98985641504e-21 9.23696794257e-19
9.260000000000112e-12 9.2879733004e-19 -5.100437207e-21 9.23696892833e-19
9.270000000000112e-12 9.28902735238e-19 -5.20607708077e-21 9.23696658157e-19
9.280000000000112e-12 9.28995287197e-19 -5.29927660162e-21 9.23696010596e-19
9.290000000000112e-12 9.29063931248e-19 -5.36908774879e-21 9.236948435e-19
9.300000000000113e-12 9.29092853961e-19 -5.39983244803e-21 9.23693021513e-19
9.310000000000113e-12 9.29059929129e-19 -5.36954032356e-21 9.23690388805e-19
9.320000000000113e-12 9.28935084769e-19 -5.24828374553e-21 9.23686801023e-19
9.330000000000113e-12 9.28679509012e-19 -4.99694947476e-21 9.23682559537e-19
9.340000000000113e-12 9.28245547449e-19 -4.56769386587e-21 9.23677853583e-19
9.350000000000113e-12 9.27581867271e-19 -3.90850272434e-21 9.23673364546e-19
9.360000000000114e-12 9.26646441771e-19 -2.97571531624e-21 9.23670726455e-19
9.370000000000114e-12 9.25431080985e-19 -1.75880898521e-21 9.23672271999e-19
9.380000000000114e-12 9.23998720159e-19 -3.17819122368e-22 9.23680901036e-19
9.390000000000114e-12 9.22518250905e-19 1.17924716765e-21 9.23697498073e-19
9.400000000000114e-12 9.21265489349e-19 2.45237874952e-21 9.23717868099e-19
9.410000000000114e-12 9.2055363841e-19 3.17890165287e-21 9.23732540063e-19
9.420000000000115e-12 9.2060016113e-19 3.13258087129e-21 9.23732742001e-19
9.430000000000115e-12 9.21410983667e-19 2.30722221352e-21 9.2371820588e-19
9.440000000000115e-12 9.22777010274e-19 9.2041771642e-22 9.2369742799e-19
9.450000000000115e-12 9.24386029852e-19 -7.0598888958e-22 9.23680040962e-19
9.460000000000115e-12 9.25957453371e-19 -2.28690040018e-21 9.23670552971e-19
9.470000000000115e-12 9.27315874651e-19 -3.64760395672e-21 9.23668270694e-19
9.480000000000116e-12 9.28392945142e-19 -4.72261738961e-21 9.23670327753e-19
9.490000000000116e-12 9.29193282855e-19 -5.51896743069e-21 9.23674315424e-19
9.500000000000116e-12 9.29757290842e-19 -6.07826460931e-21 9.23679026233e-19
9.510000000000116e-12 9.30134569499e-19 -6.45117391752e-21 9.23683395581e-19
9.520000000000116e-12 9.30371032165e-19 -6.68432158112e-21 9.23686710584e-19
9.530000000000116e-12 9.30504582201e-19 -6.81539998977e-21 9.23689182211e-19
9.540000000000116e-12 9.30563766751e-19 -6.87254962786e-21 9.23691217123e-19
9.550000000000117e-12 9.30568346233e-19 -6.87552821136e-21 9.23692818021e-19
9.560000000000117e-12 9.30531643188e-19 -6.8373731104e-21 9.23694270078e-19
9.570000000000117e-12 9.30461650395e-19 -6.76598690704e-21 9.23695663488e-19
9.580000000000117e-12 9.30362092519e-19 -6.66543535485e-21 9.23696657164e-19
9.590000000000117e-12 9.30234190046e-19 -6.53689555036e-21 9.23697294496e-19
9.600000000000117e-12 9.30076788783e-19 -6.37920940513e-21 9.23697579378e-19
9.610000000000118e-12 9.29886420358e-19 -6.18895623617e-21 9.23697464122e-19
9.620000000000118e-12 9.29656713374e-19 -5.95988254278e-21 9.23696830831e-19
9.630000000000118e-12 9.29376927015e-19 -5.68145659732e-21 9.23695470418e-19
9.640000000000118e-12 9.29029387661e-19 -5.33631574955e-21 9.23693071911e-19
9.650000000000118e-12 9.28585823787e-19 -4.89657271325e-21 9.23689251074e-19
9.660000000000118e-12 9.28003253602e-19 -4.31957858906e-21 9.23683675013e-19
9.670000000000119e-12 9.27221561743e-19 -3.5451852914e-21 9.23676376452e-19
9.680000000000119e-12 9.26167622831e-19 -2.49925923995e-21 9.23668363591e-19
9.690000000000119e-12 9.24774968948e-19 -1.11210122871e-21 9.23662867719e-19
9.700000000000119e-12 9.23027983583e-19 6.37070003559e-22 9.23665053587e-19
9.710000000000119e-12 9.2103446437e-19 2.64618670481e-21 9.23680651075e-19
9.72000000000012e-12 9.19094216033e-19 4.61640061462e-21 9.23710616648e-19
9.73000000000012e-12 9.17681311911e-19 6.06189447304e-21 9.23743206384e-19
9.74000000000012e-12 9.17267148194e-19 6.49061110146e-21 9.23757759296e-19
9.75000000000012e-12 9.18048286724e-19 5.69501399003e-21 9.23743300714e-19
9.76000000000012e-12 9.19807860413e-19 3.90283699382e-21 9.23710697407e-19
9.77000000000012e-12 9.22052889648e-19 1.62762248206e-21 9.2368051213e-19
9.78000000000012e-12 9.24288476193e-19 -6.23986143577e-22 9.23664490049e-19
9.79000000000012e-12 9.26199218156e-19 -2.53687115885e-21 9.23662346998e-19
9.80000000000012e-12 9.2766842977e-19 -4.00015809569e-21 9.23668271674e-19
9.81000000000012e-12 9.28710882398e-19 -5.03410597182e-21 9.23676776426e-19
9.820000000000121e-12 9.29400208649e-19 -5.71532056406e-21 9.23684888085e-19
9.830000000000121e-12 9.29821855506e-19 -6.13040694415e-21 9.23691448562e-19
9.840000000000121e-12 9.30051513805e-19 -6.35523397476e-21 9.2369627983e-19
9.850000000000121e-12 9.30148731792e-19 -6.44913180104e-21 9.23699599991e-19
9.860000000000122e-12 9.30157481764e-19 -6.45575742155e-21 9.23701724343e-19
9.870000000000122e-12 9.30109390122e-19 -6.40611216707e-21 9.23703277955e-19
9.880000000000122e-12 9.3002622498e-19 -6.32172300475e-21 9.23704501975e-19
9.890000000000122e-12 9.29922549915e-19 -6.21730634902e-21 9.23705243566e-19
9.900000000000122e-12 9.29808589194e-19 -6.1027911086e-21 9.23705798086e-19
9.910000000000122e-12 9.29691036858e-19 -5.98478328516e-21 9.23706253573e-19
9.920000000000123e-12 9.29574098702e-19 -5.86759934889e-21 9.23706499353e-19
9.930000000000123e-12 9.29460713591e-19 -5.75398570524e-21 9.23706727886e-19
9.940000000000123e-12 9.29352721353e-19 -5.6456162926e-21 9.2370710506e-19
9.950000000000123e-12 9.29250933767e-19 -5.54343688236e-21 9.23707496884e-19
9.960000000000123e-12 9.29155676593e-19 -5.44789965335e-21 9.2370777694e-19
9.970000000000123e-12 9.29067450193e-19 -5.35912777633e-21 9.23708322416e-19
9.980000000000123e-12 9.28986149648e-19 -5.2770283329e-21 9.23709121315e-19
9.990000000000124e-12 9.28911163687e-19 -5.20137048894e-21 9.23709793198e-19
1.0000000000000124e-11 9.28842371103e-19 -5.1318394667e-21 9.23710531637e-19
